11111111111111111111111111111111111111111111111111111111111111111111111111111111111111111111111
10000000000000000000000000000000000000000000000000000000000000000000000000000000000000000000001
10000000000000000000000000000000000000000000000000000000000000000000000000000000000000000000001
10000000000000000000000000000000000000000000001110000000000000000000000000000000000000000000001
10000000000000000000000000000000000000000000001110000000000000000000000000000000000000000000001
10000000000000000000000000000000000000000000001110000000000000000000000000000000000000000000001
10000000000000000000000000000000000000000000001110000000000000000000000000000000000000000000001
10000000000000000000000000000000000000000000000000000000000000000000000000000000000000000000001
10000000000000000000000000000000000000000000000000000000000000000000000000000000000000000000001
10000000000000000000000000000000000000000000000000000000000000000000000000000000000000000000001
10000000000001111000000000000000000000000000000000000000000000000000000000000011110000000000001
10000000000000001000000000000000000000000000000000000000000000000000000000000010000000000000001
10000000000000001000000000000000000000000000000000000000000000000000000000000010000000000000001
10000000000000001000000000111111110000000000000000000000000001111111100000000010000000000000001
10000000000000001000000000111111110000000000000000000000000001111111100000000010000000000000001
10000000000000001000000000000000000000000000000000000000000000000000000000000010000000000000001
10000000000000001000000000000000000000000000000000000000000000000000000000000010000000000000001
10000000000001111000000000000000000000000000000000000000000000000000000000000011110000000000001
10000000000000000000000000000000000000000000000000000000000000000000000000000000000000000000001
10000000000000000000000000000000000000000000000000000000000000000000000000000000000000000000001
10000000000000000000000000000000000000000000000000000000000000000000000000000000000000000000001
10000000000000000000000000000000000000000000001110000000000000000000000000000000000000000000001
10000000000000000000000000000000000000000000001110000000000000000000000000000000000000000000001
10000000000000000000000000000000000000000000001110000000000000000000000000000000000000000000001
10000000000000000000000000000000000000000000001110000000000000000000000000000000000000000000001
10000000000000000000000000000000000000000000000000000000000000000000000000000000000000000000001
10000000000000000000000000000000000000000000000000000000000000000000000000000000000000000000001
11111111111111111111111111111111111111111111111111111111111111111111111111111111111111111111111