


111111111111111111111111111111111111111111111111111111111111111111111111111111111111111111111111
100000000000000000000000000000000000000000000111000000000000000000000000000000000000000000000011
100000000000000000000000000000000000000000000111000000000000000000000000000000000000000000000011
100000000000000000000000000000000000000000000111000000000000000000000000000000000000000000000011
100000000000000000000000000000000000000000000000000000000000000000000000000000000000000000000011
100000000000000000000000000000000000000000000000000000000000000000000000000000000000000000000011
100000000000000000111110000000000000000000000000000000000000000000000000011111000000000000000011
100000000000000000000000000000000000000000000000000000000000000000000000000000000000000000000011
100000000000000000000000000000000011111000000000000000111110000000000000000000000000000000000011
100000000000000000000000000000000010000000000000000000000010000000000000000000000000000000000011
100000000000000000000000000000000010000000000000000000000010000000000000000000000000000000000011
100000000000000000000000000000000000000000000000000000000000000000000000000000000000000000000011
100000000000000000000000000000000000000000000000000000000000000000000000000000000000000000000011
100000000000000000000000000000000000000000000000000000000000000000000000000000000000000000000011
100000000000000000000000000000000000000000000000000000000000000000000000000000000000000000000011
100000000000000000000000000000000000000000000000000000000000000000000000000000000000000000000011
100000000000000000000000000000000000000000000000000000000000000000000000000000000000000000000011
100000000000000000000000000000000000000000000000000000000000000000000000000000000000000000000011
100000000000000000000000000000000000000000000000000000000000000000000000000000000000000000000011
100000000000000000000000000000000010000000000000000000000010000000000000000000000000000000000011
100000000000000000000000000000000010000000000000000000000010000000000000000000000000000000000011
100000000000000000111110000000000011111000000000000000111110000000000000011111000000000000000011
100000000000000000000000000000000000000000000000000000000000000000000000000000000000000000000011
100000000000000000000000000000000000000000000000000000000000000000000000000000000000000000000011
100000000000000000000000000000000000000000001110000000000000000000000000000000000000000000000011
100000000000000000000000000000000000000000001110000000000000000000000000000000000000000000000011
100000000000000000000000000000000000000000001110000000000000000000000000000000000000000000000011
111111111111111111111111111111111111111111111111111111111111111111111111111111111111111111111111

