


111111111111111111111111111111111111111111111111111111111111111111111111111111111111111111111111
100000000000000000000000000000000000000000000000000000000000000000000000000000000000000000000011
100000000000000000000000000000000000000000000000000000000000000000000000000000000000000000000011
100000000000000111111111110000000000000000001110000000000000000000000111111111110000000000000011
100000000000000000001000000000000000000000001110000000000000000000000000001000000000000000000011
100000000000000000001000000000000000000000001110000000000000000000000000001000000000000000000011
100000000000000000001000000000000000000000000000000000000000000000000000001000000000000000000011
100000000000000000011100000000000000000000000000000000000000000000000000011100000000000000000011
100000000000000000000000000000000001000000000000000000000010000000000000000000000000000000000011
100000000000000000000000000000000001000000000000000000000010000000000000000000000000000000000011
100000000000000000000000000000000001000000000000000000000010000000000000000000000000000000000011
100000000000000000000000000000000001000000000000000000000010000000000000000000000000000000000011
100000000000000000000100000000000001000000000000000000000010000000000000010000000000000000000011
100000000000000000000100000000000000000000001111100000000000000000000000010000000000000000000011
100000000000000000000100000000000000000000001111100000000000000000000000010000000000000000000011
100000000000000000000100000000000000000000001111100000000000000000000000010000000000000000000011
100000000000000000000000000000000001000000000000000000000010000000000000010000000000000000000011
100000000000000000000000000000000001000000000000000000000010000000000000000000000000000000000011
100000000000000000000000000000000001000000000000000000000010000000000000000000000000000000000011
100000000001000000000000000000000001000000000000000000000010000000000000000000000001000000000011
100000000000100000000000000000000001000000000000000000000010000000000000000000000010000000000011
100000000000010000000000000000000000000000000000000000000000000000000000000000000100000000000011
100000000000001000000000000000000000000000000011100000000000000000000000000000001000000000000011
100000000000000100000000000000000000000000000011100000000000000000000000000000010000000000000011
100000000000000000000000000000000000000000000011100000000000000000000000000000000000000000000011
100000000000000000000000000000000000000000000000000000000000000000000000000000000000000000000011
100000000000000000000000000000000000000000000000000000000000000000000000000000000000000000000011
111111111111111111111111111111111111111111111111111111111111111111111111111111111111111111111111